Results: 
 [[ 1.          0.64046036]
 [ 0.64046036  1.        ]]
[[ 1.         -0.35566185]
 [-0.35566185  1.        ]]
[[ 1.         -0.54422635]
 [-0.54422635  1.        ]]
[[ 1.          0.61104429]
 [ 0.61104429  1.        ]]
[[ 1.         -0.61695162]
 [-0.61695162  1.        ]]
[[ 1.         -0.55277046]
 [-0.55277046  1.        ]]
[[ 1.         -0.39480798]
 [-0.39480798  1.        ]]
[[ 1.         -0.36259021]
 [-0.36259021  1.        ]]
[[ 1.          0.84291402]
 [ 0.84291402  1.        ]]