Results: 
 [[ 1.          0.69204255]
 [ 0.69204255  1.        ]]
[[ 1.          0.44143069]
 [ 0.44143069  1.        ]]
[[ 1.         -0.27667158]
 [-0.27667158  1.        ]]
[[ 1.          0.66946711]
 [ 0.66946711  1.        ]]
[[ 1.         -0.82858605]
 [-0.82858605  1.        ]]
[[ 1.         -0.63443205]
 [-0.63443205  1.        ]]
[[ 1.         -0.34522391]
 [-0.34522391  1.        ]]
[[ 1.          0.41069124]
 [ 0.41069124  1.        ]]
[[ 1.          0.61658128]
 [ 0.61658128  1.        ]]