Results: 
 [[ 1.         -0.48630872]
 [-0.48630872  1.        ]]
[[ 1.         -0.30859112]
 [-0.30859112  1.        ]]
[[  1.00000000e+00  -3.79031972e-04]
 [ -3.79031972e-04   1.00000000e+00]]
[[ 1.         -0.49231399]
 [-0.49231399  1.        ]]
[[ 1.        -0.2664827]
 [-0.2664827  1.       ]]
[[ 1.         -0.31456471]
 [-0.31456471  1.        ]]
[[ 1.          0.03011397]
 [ 0.03011397  1.        ]]
[[ 1.         -0.02643616]
 [-0.02643616  1.        ]]
[[ 1.         -0.28058376]
 [-0.28058376  1.        ]]