Results: 
 [[ 1.          0.51816099]
 [ 0.51816099  1.        ]]
[[ 1.         -0.33340232]
 [-0.33340232  1.        ]]
[[ 1.         -0.50107605]
 [-0.50107605  1.        ]]
[[ 1.          0.61997961]
 [ 0.61997961  1.        ]]
[[ 1.         -0.31482579]
 [-0.31482579  1.        ]]
[[ 1.         -0.40645283]
 [-0.40645283  1.        ]]
[[ 1.         -0.39541879]
 [-0.39541879  1.        ]]
[[ 1.          0.14853013]
 [ 0.14853013  1.        ]]
[[ 1.         -0.53679354]
 [-0.53679354  1.        ]]