Results: 
 [[ 1.          0.59494797]
 [ 0.59494797  1.        ]]
[[ 1.          0.43160901]
 [ 0.43160901  1.        ]]
[[ 1.          0.30565597]
 [ 0.30565597  1.        ]]
[[ 1.          0.59676043]
 [ 0.59676043  1.        ]]
[[ 1.          0.51682879]
 [ 0.51682879  1.        ]]
[[ 1.         -0.71091695]
 [-0.71091695  1.        ]]
[[ 1.          0.26478151]
 [ 0.26478151  1.        ]]
[[ 1.          0.73240177]
 [ 0.73240177  1.        ]]
[[ 1.          0.51682879]
 [ 0.51682879  1.        ]]