Results: 
 [[ 1.          0.75927697]
 [ 0.75927697  1.        ]]
[[ 1.          0.64676283]
 [ 0.64676283  1.        ]]
[[ 1.          0.46674011]
 [ 0.46674011  1.        ]]
[[ 1.          0.75084834]
 [ 0.75084834  1.        ]]
[[ 1.          0.52032506]
 [ 0.52032506  1.        ]]
[[ 1.         -0.77505092]
 [-0.77505092  1.        ]]
[[ 1.          0.32362189]
 [ 0.32362189  1.        ]]
[[ 1.          0.75297144]
 [ 0.75297144  1.        ]]
[[ 1.          0.62620399]
 [ 0.62620399  1.        ]]