Results: 
 [[ 1.          0.77990887]
 [ 0.77990887  1.        ]]
[[ 1.          0.17348933]
 [ 0.17348933  1.        ]]
[[ 1.         -0.27906495]
 [-0.27906495  1.        ]]
[[ 1.          0.77821688]
 [ 0.77821688  1.        ]]
[[ 1.         -0.80454741]
 [-0.80454741  1.        ]]
[[ 1.         -0.48844748]
 [-0.48844748  1.        ]]
[[ 1.         -0.28406216]
 [-0.28406216  1.        ]]
[[ 1.          0.30452343]
 [ 0.30452343  1.        ]]
[[ 1.          0.60668175]
 [ 0.60668175  1.        ]]