Results: 
 [[ 1.          0.54134772]
 [ 0.54134772  1.        ]]
[[ 1.         -0.25963384]
 [-0.25963384  1.        ]]
[[ 1.         -0.32108073]
 [-0.32108073  1.        ]]
[[ 1.          0.63906212]
 [ 0.63906212  1.        ]]
[[ 1.         -0.31122565]
 [-0.31122565  1.        ]]
[[ 1.         -0.37291165]
 [-0.37291165  1.        ]]
[[ 1.         -0.33534177]
 [-0.33534177  1.        ]]
[[ 1.          0.12261212]
 [ 0.12261212  1.        ]]
[[ 1.         -0.48158968]
 [-0.48158968  1.        ]]