Results: 
 [[ 1.         -0.33416915]
 [-0.33416915  1.        ]]
[[ 1.         -0.01966086]
 [-0.01966086  1.        ]]
[[ 1.          0.02803528]
 [ 0.02803528  1.        ]]
[[ 1.         -0.36792351]
 [-0.36792351  1.        ]]
[[ 1.         -0.26582972]
 [-0.26582972  1.        ]]
[[ 1.         -0.29282876]
 [-0.29282876  1.        ]]
[[ 1.          0.02851686]
 [ 0.02851686  1.        ]]
[[ 1.         -0.05984795]
 [-0.05984795  1.        ]]
[[ 1.         -0.26582972]
 [-0.26582972  1.        ]]